tweet_id,favorites,retweet_count
666020888022790149,2535,507
666029285002620928,128,47
666033412701032449,124,43
666044226329800704,296,139
666049248165822465,108,41
666050758794694657,132,59
666051853826850816,1208,841
666055525042405380,430,242
666057090499244032,291,140
666058600524156928,110,57
666063827256086533,470,214
666071193221509120,145,59
666073100786774016,318,162
666082916733198337,116,44
666094000022159362,163,72
666099513787052032,153,67
666102155909144576,80,12
666104133288665088,14138,6470
666268910803644416,102,35
666273097616637952,173,76
666287406224695296,146,64
666293911632134144,494,352
666337882303524864,195,90
666345417576210432,288,133
666353288456101888,217,71
666362758909284353,770,564
666373753744588802,186,92
666396247373291520,166,84
666407126856765440,107,40
666411507551481857,439,323
666418789513326592,124,45
666421158376562688,316,111
666428276349472768,165,83
666430724426358785,315,196
666435652385423360,165,53
666437273139982337,125,48
666447344410484738,105,20
666454714377183233,517,208
666644823164719104,233,82
666649482315059201,1121,627
666691418707132416,189,47
666701168228331520,431,219
666739327293083650,238,66
666776908487630848,351,175
666781792255496192,388,198
666786068205871104,764,488
666804364988780544,242,94
666817836334096384,521,252
666826780179869698,255,97
666835007768551424,217,80
666837028449972224,823,559
666983947667116034,2560,991
666996132027977728,247,94
667012601033924608,451,225
667044094246576128,186,51
667062181243039745,220,55
667065535570550784,168,48
667073648344346624,405,124
667090893657276420,336,129
667119796878725120,331,128
667138269671505920,4633,2238
667152164079423490,48119,17345
667160273090932737,259,62
667165590075940865,2711,1154
667171260800061440,222,91
667174963120574464,246,84
667176164155375616,613,466
667177989038297088,192,55
667182792070062081,14426,6291
667188689915760640,746,422
667192066997374976,390,109
667200525029539841,621,263
667211855547486208,498,245
667369227918143488,369,167
667393430834667520,198,58
667405339315146752,472,221
667435689202614272,307,84
667437278097252352,453,242
667443425659232256,790,590
667453023279554560,315,91
667455448082227200,194,60
667470559035432960,259,100
667491009379606528,536,232
667495797102141441,527,276
667502640335572993,538,222
667509364010450944,6853,2166
667517642048163840,371,195
667524857454854144,1720,1131
667530908589760512,475,245
667534815156183040,827,551
667538891197542400,208,66
667544320556335104,878,533
667546741521195010,337,127
667549055577362432,5864,2328
667550882905632768,0,33
667550904950915073,0,35
667724302356258817,489,326
667728196545200128,380,152
667766675769573376,446,222
667773195014021121,239,58
667782464991965184,415,249
667793409583771648,708,336
667801013445750784,333,97
667806454573760512,1069,508
667832474953625600,292,63
667861340749471744,245,78
667866724293877760,3040,1057
667873844930215936,638,417
667878741721415682,397,122
667885044254572545,832,499
667886921285246976,1914,1117
667902449697558528,859,385
667911425562669056,497,311
667915453470232577,215,58
667924896115245057,307,113
667937095915278337,1288,815
668113020489474048,675,250
668142349051129856,576,294
668154635664932864,504,325
668171859951755264,501,201
668190681446379520,663,200
668204964695683073,559,200
668221241640230912,517,203
668226093875376128,304,106
668237644992782336,6317,2918
668248472370458624,1013,501
668256321989451776,1327,636
668268907921326080,563,243
668274247790391296,840,235
668286279830867968,517,142
668291999406125056,248,32
668297328638447616,632,306
668466899341221888,900,527
668480044826800133,470,152
668484198282485761,434,241
668496999348633600,420,135
668507509523615744,331,111
668528771708952576,471,232
668537837512433665,257,77
668542336805281792,469,222
668544745690562560,532,233
668567822092664832,250,57
668614819948453888,621,322
668620235289837568,207,44
668623201287675904,1466,798
668625577880875008,394,138
668627278264475648,324,118
668631377374486528,734,326
668633411083464705,2873,1697
668636665813057536,1062,502
668641109086707712,1098,554
668643542311546881,899,543
668645506898350081,912,554
668655139528511488,541,223
668779399630725120,714,382
668815180734689280,581,278
668826086256599040,443,141
668852170888998912,460,171
668872652652679168,540,308
668892474547511297,401,155
668902994700836864,324,103
668932921458302977,272,59
668955713004314625,286,74
668960084974809088,720,245
668975677807423489,1328,600
668979806671884288,806,356
668981893510119424,548,317
668986018524233728,564,173
668988183816871936,914,488
668989615043424256,695,338
668992363537309700,754,356
668994913074286592,450,240
669000397445533696,21248,6561
669006782128353280,588,258
669015743032369152,755,384
669037058363662336,674,322
669203728096960512,1021,492
669214165781868544,447,175
669216679721873412,1207,414
669324657376567296,503,214
669327207240699904,584,119
669328503091937280,1030,430
669351434509529089,450,193
669353438988365824,659,266
669354382627049472,2762,1306
669359674819481600,374,127
669363888236994561,636,237
669367896104181761,472,163
669371483794317312,503,186
669375718304980992,1364,753
669393256313184256,375,79
669564461267722241,393,128
669567591774625800,239,58
669571471778410496,1616,1049
669573570759163904,443,146
669583744538451968,1515,954
669597912108789760,520,155
669603084620980224,959,374
669625907762618368,3597,1863
669661792646373376,821,454
669680153564442624,679,299
669682095984410625,358,136
669683899023405056,395,114
669749430875258880,275,67
669753178989142016,828,414
669923323644657664,242,59
669926384437997569,385,108
669942763794931712,518,172
669970042633789440,309,62
669972011175813120,455,168
669993076832759809,330,87
670003130994700288,342,96
670037189829525505,598,287
670040295598354432,768,115
670046952931721218,657,181
670055038660800512,683,340
670061506722140161,779,353
670069087419133954,644,251
670073503555706880,1599,815
670079681849372674,2260,1280
670086499208155136,710,262
670093938074779648,1048,347
670290420111441920,722,296
670303360680108032,434,139
670319130621435904,3935,1262
670338931251150849,434,114
670361874861563904,336,69
670374371102445568,757,277
670385711116361728,572,219
670403879788544000,442,162
670408998013820928,567,231
670411370698022913,2067,927
670417414769758208,578,328
670420569653809152,637,327
670421925039075328,1338,655
670427002554466305,526,169
670428280563085312,1412,651
670433248821026816,334,117
670434127938719744,1431,665
670435821946826752,1075,532
670442337873600512,655,203
670444955656130560,6843,2039
670449342516494336,1217,692
670452855871037440,559,213
670465786746662913,985,568
670468609693655041,359,87
670474236058800128,1564,786
670668383499735048,10923,5205
670676092097810432,255,44
670679630144274432,761,292
670691627984359425,601,250
670704688707301377,779,383
670717338665226240,1237,510
670727704916926465,844,371
670733412878163972,980,526
670755717859713024,452,114
670764103623966721,1095,436
670778058496974848,333,74
670780561024270336,796,297
670782429121134593,1598,797
670783437142401025,833,406
670786190031921152,611,207
670789397210615808,676,247
670792680469889025,850,285
670797304698376195,748,244
670803562457407488,348,89
670804601705242624,2008,985
670807719151067136,1173,504
670811965569282048,1155,277
670815497391357952,3238,1586
670822709593571328,625,99
670823764196741120,793,198
670826280409919488,5663,4184
670832455012716544,749,225
670833812859932673,458,128
670838202509447168,1139,717
670840546554966016,607,200
670842764863651840,25032,9013
670995969505435648,1126,301
671109016219725825,1169,453
671115716440031232,1384,795
671122204919246848,3568,2598
671134062904504320,765,199
671138694582165504,949,417
671141549288370177,1191,672
671147085991960577,690,234
671151324042559489,686,159
671154572044468225,738,225
671159727754231808,383,84
671163268581498880,1693,1139
671166507850801152,892,361
671182547775299584,1148,356
671186162933985280,750,218
671347597085433856,982,441
671355857343524864,488,116
671357843010908160,406,151
671362598324076544,1133,301
671390180817915904,1448,753
671485057807351808,775,238
671486386088865792,589,212
671488513339211776,1031,482
671497587707535361,933,459
671504605491109889,7170,3650
671511350426865664,1640,747
671518598289059840,967,301
671520732782923777,1422,540
671528761649688577,852,265
671533943490011136,1041,595
671536543010570240,1203,420
671538301157904385,941,406
671542985629241344,1112,583
671544874165002241,2024,1081
671547767500775424,1376,613
671561002136281088,13072,7454
671729906628341761,8660,4491
671735591348891648,1478,778
671743150407421952,754,238
671744970634719232,1373,795
671763349865160704,1714,952
671768281401958400,1216,540
671789708968640512,7182,3595
671855973984772097,925,465
671866342182637568,1145,516
671874878652489728,1271,576
671879137494245376,1449,706
671882082306625538,3535,1418
671891728106971137,1355,585
671896809300709376,8620,4287
672068090318987265,1322,530
672082170312290304,960,377
672095186491711488,1017,377
672125275208069120,2455,1178
672139350159835138,1781,740
672160042234327040,886,369
672169685991993344,1041,381
672205392827572224,2308,1190
672222792075620352,801,217
672231046314901505,1870,1043
672239279297454080,912,330
672245253877968896,702,162
672248013293752320,1755,628
672254177670729728,1462,765
672256522047614977,2875,1604
672264251789176834,1170,349
672267570918129665,1531,634
672272411274932228,6578,3500
672466075045466113,1379,556
672475084225949696,1463,720
672481316919734272,729,128
672482722825261057,1158,625
672488522314567680,1138,450
672523490734551040,656,178
672538107540070400,1050,380
672591271085670400,746,190
672591762242805761,969,345
672594978741354496,1352,624
672604026190569472,1134,413
672609152938721280,1136,400
672614745925664768,1246,602
672622327801233409,1321,513
672640509974827008,990,332
672828477930868736,1274,506
672834301050937345,1336,589
672877615439593473,1054,381
672884426393653248,1583,856
672898206762672129,913,434
672902681409806336,1393,521
672964561327235073,1450,661
672968025906282496,1337,563
672970152493887488,966,367
672975131468300288,1722,948
672980819271634944,1848,1036
672984142909456390,1278,562
672988786805112832,999,303
672995267319328768,975,307
672997845381865473,2006,746
673148804208660480,1731,650
673213039743795200,2299,877
673240798075449344,1451,756
673270968295534593,1084,383
673295268553605120,7684,3280
673317986296586240,887,270
673320132811366400,13760,8247
673342308415348736,1301,610
673343217010679808,992,280
673345638550134785,2583,1325
673350198937153538,756,221
673352124999274496,1687,556
673355879178194945,1523,605
673359818736984064,1483,695
673363615379013632,1045,317
673576835670777856,1412,582
673580926094458881,851,276
673583129559498752,1219,381
673612854080196609,1620,748
673636718965334016,1137,375
673656262056419329,732,253
673662677122719744,1278,373
673680198160809984,1402,484
673686845050527744,1478,454
673688752737402881,1292,515
673689733134946305,1780,676
673697980713705472,3882,2038
673700254269775872,1475,594
673705679337693185,1285,413
673707060090052608,1119,405
673708611235921920,1099,299
673709992831262724,868,284
673711475735838725,1057,308
673715861853720576,3620,2166
673887867907739649,954,262
673906403526995968,3274,1682
673919437611909120,1195,383
673956914389192708,1994,1004
674008982932058114,1231,368
674014384960745472,1600,674
674019345211760640,1159,312
674024893172875264,1827,1279
674036086168010753,864,223
674038233588723717,1125,426
674042553264685056,740,134
674045139690631169,1454,664
674051556661161984,1478,503
674053186244734976,3407,1352
674063288070742018,6525,2314
674075285688614912,1004,300
674082852460433408,776,177
674255168825880576,1510,582
674262580978937856,1338,474
674265582246694913,1676,886
674269164442398721,922,236
674271431610523648,1609,760
674291837063053312,15133,6150
674318007229923329,1451,537
674372068062928900,868,323
674394782723014656,1539,596
674410619106390016,1229,485
674416750885273600,704,146
674422304705744896,1473,556
674436901579923456,1143,412
674447403907457024,1090,372
674468880899788800,6394,2155
674632714662858753,1543,603
674638615994089473,1730,605
674644256330530816,1060,281
674646392044941312,1483,524
674664755118911488,948,265
674670581682434048,1661,684
674690135443775488,1181,487
674737130913071104,666,96
674739953134403584,1144,412
674743008475090944,1444,581
674752233200820224,1502,486
674754018082705410,1401,468
674764817387900928,805,249
674767892831932416,1881,830
674774481756377088,1160,496
674781762103414784,2061,1261
674788554665512960,836,218
674790488185167872,1136,263
674793399141146624,2573,1143
674800520222154752,3091,899
674805413498527744,886,370
674999807681908736,2316,1151
675003128568291329,1600,496
675006312288268288,1012,236
675015141583413248,2800,1257
675047298674663426,1093,342
675109292475830276,2884,1189
675111688094527488,994,265
675113801096802304,2010,819
675135153782571009,1341,517
675145476954566656,2203,947
675146535592706048,1235,328
675147105808306176,974,253
675149409102012420,3861,1765
675153376133427200,6488,2739
675166823650848770,3722,1693
675334060156301312,2873,1359
675349384339542016,4039,2377
675354435921575936,33854,18049
675362609739206656,1081,239
675372240448454658,1750,531
675432746517426176,1575,597
675483430902214656,1909,1020
675489971617296384,1345,625
675497103322386432,3247,1363
675501075957489664,17691,6115
675517828909424640,1351,481
675522403582218240,1074,300
675531475945709568,1221,404
675534494439489536,1879,439
675706639471788032,668,103
675707330206547968,2055,734
675710890956750848,1956,868
675740360753160193,1209,365
675781562965868544,1676,499
675798442703122432,10606,3571
675820929667219457,1088,242
675822767435051008,1581,562
675845657354215424,2367,935
675853064436391936,2784,1368
675870721063669760,1702,601
675878199931371520,4329,1473
675888385639251968,2462,1015
675891555769696257,2212,920
675898130735476737,1700,604
676089483918516224,1366,452
676098748976615425,3120,1519
676101918813499392,2914,1224
676146341966438401,1988,705
676191832485810177,2367,1083
676215927814406144,1801,620
676219687039057920,77658,32778
676237365392908289,1269,309
676263575653122048,2156,580
676430933382295552,1453,364
676440007570247681,1785,703
676470639084101634,12048,4938
676496375194980353,1577,567
676533798876651520,1952,593
676575501977128964,2694,1187
676582956622721024,1255,296
676588346097852417,2427,846
676603393314578432,1215,411
676606785097199616,1956,465
676613908052996102,1135,207
676617503762681856,3016,1043
676776431406465024,5187,2123
676811746707918848,1471,448
676819651066732545,1869,704
676821958043033607,23966,16570
676864501615042560,2188,753
676897532954456065,2345,764
676936541936185344,13203,5207
676942428000112642,2157,807
676946864479084545,1773,400
676948236477857792,2264,924
676949632774234114,1355,422
676957860086095872,2299,857
676975532580409345,2890,1136
677187300187611136,2844,981
677228873407442944,3691,1741
677269281705472000,2078,749
677301033169788928,1293,435
677314812125323265,1716,569
677328882937298944,3782,1587
677331501395156992,1136,251
677334615166730240,1417,314
677530072887205888,1119,240
677547928504967168,7221,3868
677557565589463040,2542,1238
677565715327688705,1349,484
677573743309385728,2234,769
677644091929329666,1957,847
677662372920729601,2032,1040
677673981332312066,3487,1597
677687604918272002,2585,897
677698403548192770,1278,339
677700003327029250,3543,1536
677716515794329600,3183,1030
677895101218201600,5045,2243
677918531514703872,1406,436
678021115718029313,14375,6784
678255464182861824,1652,397
678278586130948096,11985,6482
678334497360859136,1359,279
678341075375947776,1802,573
678380236862578688,2551,967
678389028614488064,1955,450
678396796259975168,1660,449
678399652199309312,82499,33909
678410210315247616,4430,1949
678424312106393600,5656,2709
678446151570427904,4183,1672
678643457146150913,2148,454
678675843183484930,3009,1583
678740035362037760,3933,1814
678755239630127104,7475,3534
678764513869611008,1712,508
678767140346941444,3699,1464
678774928607469569,2928,985
678798276842360832,3647,1272
678800283649069056,2695,963
678969228704284672,1717,495
678991772295516161,2440,1257
679047485189439488,2357,729
679062614270468097,17883,8783
679111216690831360,6234,2734
679132435750195208,3108,1237
679148763231985668,2902,1102
679158373988876288,22517,8680
679462823135686656,33276,20171
679475951516934144,2199,686
679503373272485890,3309,1588
679511351870550016,3534,1364
679527802031484928,2777,775
679530280114372609,4995,2219
679722016581222400,1738,501
679729593985699840,2271,880
679736210798047232,2191,851
679777920601223168,3229,1196
679828447187857408,38056,15049
679844490799091713,2490,821
679854723806179328,3011,1321
679862121895714818,2577,668
679877062409191424,2068,691
680055455951884288,17545,7620
680070545539371008,2704,938
680085611152338944,13441,9559
680100725817409536,3755,1465
680115823365742593,2848,972
680130881361686529,2404,1018
680145970311643136,3803,1871
680161097740095489,2436,788
680176173301628928,4104,1683
680191257256136705,2254,540
680206703334408192,2984,1260
680221482581123072,1523,309
680440374763077632,1525,544
680473011644985345,2675,801
680494726643068929,1800,518
680497766108381184,4446,2053
680583894916304897,3807,1445
680609293079592961,2769,768
680798457301471234,2998,1120
680801747103793152,2489,888
680836378243002368,3635,1429
680889648562991104,1854,394
680913438424612864,2512,663
680934982542561280,2187,472
680940246314430465,3384,1132
680959110691590145,4791,2139
680970795137544192,2553,715
681193455364796417,3902,1603
681231109724700672,2519,519
681242418453299201,1576,580
681261549936340994,1531,295
681281657291280384,3389,1181
681297372102656000,3364,1028
681302363064414209,4145,1962
681320187870711809,2792,811
681339448655802368,9770,4357
681523177663676416,15057,6243
681579835668455424,3724,1400
681610798867845120,2010,508
681654059175129088,2784,996
681679526984871937,1853,482
681694085539872773,13437,4346
681891461017812993,2597,888
681981167097122816,2929,1105
682003177596559360,3308,1643
682032003584274432,6925,2156
682047327939461121,3381,1036
682059653698686977,5226,1817
682242692827447297,3424,1271
682259524040966145,4392,1303
682303737705140231,3242,1072
682389078323662849,1757,503
682393905736888321,2355,733
682406705142087680,7985,1890
682429480204398592,3613,1250
682638830361513985,2164,646
682662431982772225,3204,1162
682697186228989953,1378,386
682750546109968385,1603,468
682788441537560576,2601,1199
682962037429899265,38887,17919
683030066213818368,2265,785
683078886620553216,2087,601
683098815881154561,2279,707
683111407806746624,3575,977
683142553609318400,3033,1113
683357973142474752,3088,1006
683391852557561860,8013,2568
683449695444799489,4105,1726
683462770029932544,2558,716
683481228088049664,2776,1067
683498322573824003,3340,1030
683742671509258241,6846,3570
683773439333797890,3523,1456
683828599284170753,2943,1137
683834909291606017,2763,1192
683849932751646720,2759,1052
683852578183077888,2030,377
683857920510050305,4000,1199
684097758874210310,4327,1545
684122891630342144,2097,511
684177701129875456,2123,724
684188786104872960,3663,1257
684195085588783105,2017,559
684200372118904832,2276,1108
684222868335505415,4048,1477
684225744407494656,1304,229
684241637099323392,8576,3550
684460069371654144,2081,595
684481074559381504,4072,1253
684538444857667585,2792,1028
684567543613382656,3167,1323
684594889858887680,9415,3798
684800227459624960,2854,1069
684880619965411328,2209,879
684902183876321280,1979,569
684914660081053696,3690,1567
684926975086034944,3686,502
684940049151070208,3384,1119
684959798585110529,7178,3362
685169283572338688,4315,1525
685198997565345792,2457,715
685268753634967552,3256,1296
685307451701334016,2174,472
685315239903100929,3526,1157
685321586178670592,2784,687
685325112850124800,9986,4277
685532292383666176,3200,1234
685547936038666240,34710,16821
685641971164143616,3087,834
685663452032069632,3424,1570
685667379192414208,2463,615
685906723014619143,7924,3125
685943807276412928,1716,644
685973236358713344,2222,563
686003207160610816,1918,678
686007916130873345,2610,450
686034024800862208,3285,1247
686050296934563840,2327,781
686358356425093120,2316,728
686377065986265092,2340,601
686386521809772549,3431,941
686606069955735556,1997,583
686618349602762752,3887,1456
686683045143953408,2958,860
686730991906516992,4376,1286
686749460672679938,3656,1563
686947101016735744,9064,3406
687096057537363968,2363,650
687102708889812993,2466,1063
687109925361856513,6115,2637
687124485711986689,2279,543
687127927494963200,5756,2456
687312378585812992,4589,2032
687317306314240000,21153,9801
687460506001633280,2157,584
687476254459715584,2078,572
687480748861947905,1683,261
687494652870668288,2014,614
687664829264453632,2041,548
687704180304273409,2567,896
687807801670897665,2518,753
687818504314159109,2633,1015
687826841265172480,2880,1208
688064179421470721,1817,386
688116655151435777,2974,839
688179443353796608,2224,629
688211956440801280,2346,895
688385280030670848,9772,4773
688519176466644993,2435,788
688547210804498433,2748,756
688789766343622656,2337,714
688804835492233216,1009,209
688828561667567616,1459,398
688894073864884227,2350,742
688898160958271489,2216,844
688908934925697024,2227,826
688916208532455424,2872,933
689143371370250240,2130,552
689154315265683456,3229,1074
689275259254616065,1215,263
689280876073582592,2100,770
689283819090870273,3457,1184
689289219123089408,2370,1000
689517482558820352,3568,1530
689557536375177216,2160,493
689599056876867584,12236,5922
689623661272240129,2351,691
689659372465688576,10905,4155
689661964914655233,3363,997
689835978131935233,2273,808
689877686181715968,3186,1267
689905486972461056,2562,742
689977555533848577,1442,478
689999384604450816,1500,400
690005060500217858,3859,1806
690015576308211712,2651,792
690021994562220032,2940,1107
690248561355657216,1772,438
690360449368465409,2779,955
690374419777196032,3434,922
690400367696297985,1972,485
690597161306841088,2068,646
690649993829576704,1375,300
690690673629138944,2450,855
690728923253055490,2288,553
690735892932222976,3983,1371
690932576555528194,3459,1094
690938899477221376,4353,2133
690959652130045952,3776,1344
691090071332753408,1797,359
691096613310316544,3117,952
691321916024623104,2704,707
691416866452082688,20343,8187
691444869282295808,2791,908
691459709405118465,4277,1234
691483041324204033,2497,606
691675652215414786,2048,544
691756958957883396,3042,1094
691820333922455552,4159,1773
692017291282812928,3015,1019
692142790915014657,1725,421
692158366030913536,2263,849
692187005137076224,2654,876
692417313023332352,9813,3714
692530551048294401,1939,449
692535307825213440,3366,1452
692568918515392513,4565,1646
692752401762250755,7181,3883
692828166163931137,3027,943
692894228850999298,2398,866
692901601640583168,1882,649
692905862751522816,2563,940
692919143163629568,2813,799
693095443459342336,1972,495
693109034023534592,1809,658
693155686491000832,8293,3419
693231807727280129,3010,786
693262851218264065,2347,535
693280720173801472,3539,1325
693486665285931008,1872,674
693590843962331137,5330,2113
693622659251335168,1625,397
693629975228977152,2581,854
693642232151285760,2664,445
693647888581312512,2839,635
693942351086120961,1820,395
694001791655137281,3570,1105
694183373896572928,3096,995
694206574471057408,4404,2171
694329668942569472,2111,537
694352839993344000,2144,665
694356675654983680,1584,311
694669722378485760,37569,15469
694905863685980160,2899,1001
695051054296211456,2804,840
695064344191721472,1692,641
695074328191332352,2990,1182
695095422348574720,2784,658
695314793360662529,3827,1575
695409464418041856,9083,3819
695446424020918272,4591,1940
695629776980148225,4803,2244
695767669421768709,1967,798
695794761660297217,3354,840
695816827381944320,3160,1247
696405997980676096,3384,1217
696488710901260288,2666,1107
696713835009417216,2500,690
696754882863349760,1550,381
696877980375769088,2561,761
696886256886657024,5087,1919
696894894812565505,2460,724
696900204696625153,3354,1096
697242256848379904,2642,710
697255105972801536,3174,1239
697259378236399616,3454,1067
697270446429966336,4918,1988
697463031882764288,3586,1475
697482927769255936,2547,721
697575480820686848,2148,538
697596423848730625,3191,1350
697616773278015490,3331,1084
697881462549430272,3170,1273
697943111201378304,2522,736
697990423684476929,3459,1386
697995514407682048,1606,358
698178924120031232,2946,790
698195409219559425,17608,6373
698262614669991936,4996,2146
698342080612007937,2380,1011
698355670425473025,1966,484
698549713696649216,2437,661
698635131305795584,1347,364
698703483621523456,1522,406
698710712454139905,2602,728
698907974262222848,2666,664
698953797952008193,2844,968
698989035503689728,3552,1053
699036661657767936,2741,1277
699072405256409088,3160,1266
699079609774645248,2578,703
699088579889332224,2354,670
699323444782047232,3325,922
699370870310113280,1978,469
699413908797464576,2174,662
699423671849451520,1445,353
699434518667751424,2280,543
699446877801091073,6244,2797
699691744225525762,10788,4910
699775878809702401,2063,647
699779630832685056,2919,1328
699788877217865730,2358,530
699801817392291840,3212,1027
700002074055016451,3480,1441
700029284593901568,2176,626
700062718104104960,2782,743
700143752053182464,7921,2942
700151421916807169,2355,707
700167517596164096,2783,797
700462010979500032,4349,1926
700505138482569216,2397,610
700518061187723268,2779,856
700747788515020802,24001,10010
700796979434098688,2563,1027
700847567345688576,2554,536
700864154249383937,2721,655
700890391244103680,2334,616
701214700881756160,12845,5471
701545186879471618,2795,655
701570477911896070,2970,1002
701601587219795968,2195,489
701889187134500865,3744,1471
701952816642965504,4005,1093
701981390485725185,3621,1061
702217446468493312,5050,1431
702276748847800320,2602,816
702321140488925184,3453,1101
702539513671897089,3022,1020
702598099714314240,10863,3494
702671118226825216,2309,601
702684942141153280,3375,1154
702932127499816960,2723,773
703041949650034688,27726,13412
703079050210877440,7765,3318
703268521220972544,2065,584
703356393781329922,2012,414
703382836347330562,3684,1217
703407252292673536,2574,743
703425003149250560,3989,1474
703611486317502464,4059,1620
703631701117943808,2724,739
703769065844768768,3460,1213
703774238772166656,1938,499
704054845121142784,3063,978
704113298707505153,1953,603
704347321748819968,1669,374
704364645503647744,8434,3806
704480331685040129,3569,1131
704499785726889984,3088,1067
704761120771465216,6964,3101
704819833553219584,2765,1068
704847917308362754,5364,1637
704859558691414016,2366,582
704871453724954624,4482,1186
705066031337840642,2281,645
705102439679201280,2256,545
705223444686888960,2706,863
705239209544720384,3144,804
705428427625635840,4012,1808
705442520700944385,4671,1753
705475953783398401,3101,988
705591895322394625,3324,1229
705786532653883392,2049,561
705898680587526145,2493,597
705970349788291072,3294,951
705975130514706432,3254,788
706166467411222528,5409,1719
706265994973601792,2866,982
706291001778950144,1784,499
706310011488698368,22480,8530
706346369204748288,3617,986
706516534877929472,3248,1107
706538006853918722,3624,1511
706593038911545345,2264,670
706644897839910912,2707,1169
706681918348251136,3484,1033
706901761596989440,2171,640
707014260413456384,2424,639
707021089608753152,4268,1463
707038192327901184,2302,850
707059547140169728,2704,726
707297311098011648,2899,851
707315916783140866,2599,685
707377100785885184,3442,1155
707387676719185920,3675,1389
707411934438625280,2389,638
707420581654872064,2388,739
707610948723478529,17800,6852
707693576495472641,3611,1069
707741517457260545,2616,653
707776935007539200,3441,1010
707969809498152960,2827,1034
707995814724026368,3279,1199
708026248782585858,4577,2041
708109389455101952,2026,578
708119489313951744,2812,1044
708130923141795840,3554,892
708149363256774660,4484,1643
708349470027751425,2466,788
708356463048204288,3792,1427
708469915515297792,3235,877
708479650088034305,2673,720
708711088997666817,2673,775
708738143638450176,2874,872
708810915978854401,17291,7419
708834316713893888,1775,538
708845821941387268,3121,957
709042156699303936,4985,1751
709158332880297985,2139,449
709198395643068416,2528,684
709207347839836162,13227,6227
709225125749587968,2518,609
709409458133323776,2739,740
709449600415961088,2331,626
709519240576036864,1557,256
709556954897764353,3444,1134
709566166965075968,3713,1285
709852847387627521,3670,1275
709901256215666688,706,105
709918798883774466,3126,1140
710117014656950272,5768,2123
710140971284037632,2899,954
710153181850935296,3050,953
710269109699739648,2515,1204
710272297844797440,4740,1343
710283270106132480,2235,550
710588934686908417,4767,2000
710658690886586372,2423,603
710833117892898816,2817,575
710844581445812225,2668,736
710997087345876993,4765,1486
711008018775851008,3136,662
711306686208872448,3467,780
711363825979756544,3828,1208
711652651650457602,4052,979
711694788429553666,34395,19496
711732680602345472,9312,4393
711743778164514816,2977,1049
711968124745228288,8437,2465
711998809858043904,0,134
712065007010385924,2369,667
712085617388212225,3398,516
712092745624633345,3084,957
712097430750289920,3978,1105
712438159032893441,5576,1669
712668654853337088,4351,1295
712717840512598017,12931,5334
712809025985978368,19479,7184
713175907180089344,4666,1556
713177543487135744,7537,3015
713411074226274305,4618,1375
713761197720473600,5110,1468
713900603437621249,2965,792
713919462244790272,3429,827
714141408463036416,4507,1497
714214115368108032,2374,938
714251586676113411,3420,895
714258258790387713,3147,763
714606013974974464,3794,987
714631576617938945,3420,1070
714957620017307648,4329,1513
714982300363173890,3927,1106
715009755312439296,4355,1321
715200624753819648,5353,2012
715220193576927233,2524,696
715342466308784130,3167,726
715360349751484417,5718,1679
715680795826982913,4529,1726
715696743237730304,4084,1369
715733265223708672,4888,1799
715928423106027520,3339,931
716080869887381504,7029,2048
716285507865542656,2907,1157
716439118184652801,2474,227
716791146589110272,6252,1526
716802964044845056,4471,1254
717009362452090881,3420,1038
717047459982213120,6555,2031
717421804990701568,3291,899
717537687239008257,6017,1964
717790033953034240,3019,1202
717841801130979328,2569,631
718234618122661888,4058,1069
718246886998687744,2022,532
718454725339934721,5088,1604
718460005985447936,2819,564
718540630683709445,2601,1079
718613305783398402,2550,514
718631497683582976,19770,8604
718939241951195136,5480,1875
718971898235854848,3650,1166
719332531645071360,3572,1017
719339463458033665,4617,1335
719367763014393856,2923,786
719551379208073216,5287,2051
719704490224398336,4778,1547
719991154352222208,5057,1861
720043174954147842,5131,2140
720059472081784833,4065,1200
720340705894408192,3005,1037
720389942216527872,6717,2683
720415127506415616,4316,1592
720775346191278080,2595,722
720785406564900865,3255,820
721001180231503872,2646,656
721503162398597120,4873,1994
722613351520608256,5188,1743
722974582966214656,4302,1675
723179728551723008,5541,2000
723673163800948736,3164,950
723688335806480385,8067,3176
723912936180330496,4075,1306
724004602748780546,4377,1680
724046343203856385,2786,595
724049859469295616,4524,1884
724405726123311104,5551,1757
724771698126512129,2481,685
724983749226668032,3880,1388
725729321944506368,5430,1896
725786712245440512,4360,1449
725842289046749185,7384,2829
726224900189511680,4620,1227
726828223124897792,3714,1074
726887082820554753,4015,1605
726935089318363137,7207,2612
727175381690781696,4052,1468
727286334147182592,3188,871
727314416056803329,3482,802
727524757080539137,4675,1302
727644517743104000,6171,1863
727685679342333952,3071,683
728015554473250816,4296,1164
728035342121635841,4768,1779
728046963732717569,4515,1255
728387165835677696,3843,1021
728409960103686147,5145,2143
728653952833728512,3469,1108
728751179681943552,2911,725
728760639972315136,4893,1820
728986383096946689,3310,878
729113531270991872,1976,350
729463711119904772,6077,2465
729823566028484608,4179,1322
729838605770891264,1787,410
729854734790754305,4225,1203
730196704625098752,5119,2049
730211855403241472,4009,1130
730427201120833536,3629,1111
730573383004487680,5159,2301
730924654643314689,6431,2113
731156023742988288,4022,1359
731285275100512256,3660,1050
732005617171337216,15672,5833
732375214819057664,8480,2697
732585889486888962,3867,822
732726085725589504,3702,946
732732193018155009,2563,574
733109485275860992,51588,17960
733460102733135873,4417,1366
733482008106668032,3292,1014
733822306246479872,3850,1078
733828123016450049,3771,829
734776360183431168,2634,583
734787690684657664,13184,6737
734912297295085568,2870,550
735137028879360001,3283,1038
735256018284875776,3505,949
735274964362878976,13640,5426
735635087207878657,6480,2512
735648611367784448,4204,1175
735991953473572864,3769,1229
736010884653420544,8285,3185
736225175608430592,8535,2964
736365877722001409,4184,1342
736736130620620800,4530,1856
737310737551491075,15414,7932
737322739594330112,3787,869
737445876994609152,10796,4774
737678689543020544,5294,1430
737800304142471168,10486,3704
737826014890496000,5533,1883
738156290900254721,2661,700
738166403467907072,9249,3645
738184450748633089,4525,1295
738402415918125056,3422,905
738537504001953792,5352,1671
738883359779196928,3507,870
738885046782832640,3953,1223
739238157791694849,121715,62197
739485634323156992,7556,3149
739544079319588864,41692,22910
739606147276148736,5659,1773
739844404073074688,3985,915
739932936087216128,4256,1155
739979191639244800,20983,6342
740214038584557568,7022,2106
740359016048689152,3464,916
740365076218183684,2607,469
740373189193256964,36531,14245
740676976021798912,19074,7283
740699697422163968,2978,839
740711788199743490,3582,999
740995100998766593,6724,2966
741067306818797568,9933,3312
741303864243200000,9219,3471
741438259667034112,3862,896
741743634094141440,8599,2965
741793263812808706,4790,1616
742150209887731712,5400,1671
742161199639494656,4565,1472
742385895052087300,7151,2135
742423170473463808,10340,4072
742465774154047488,7639,4166
742528092657332225,4666,2136
743210557239623680,4029,1462
743222593470234624,6520,2041
743253157753532416,4455,1307
743510151680958465,8316,3962
743545585370791937,3711,1002
743595368194129920,19438,7046
743609206067040256,4715,1478
743895849529389061,3832,1027
743980027717509120,4374,1168
744234799360020481,164712,83935
744334592493166593,7128,2296
744709971296780288,5880,1674
744971049620602880,8294,2891
744995568523612160,3128,671
745057283344719872,7614,2444
745314880350101504,7547,2980
745422732645535745,9025,2609
745433870967832576,7479,2726
745712589599014916,7362,2489
745789745784041472,4245,1146
746056683365994496,3738,874
746131877086527488,7275,2366
746369468511756288,6489,1767
746507379341139972,4876,1162
746726898085036033,6362,1925
746790600704425984,5144,1711
746818907684614144,5581,1855
746872823977771008,6318,2309
746906459439529985,3045,318
747103485104099331,10094,4297
747204161125646336,3567,992
747219827526344708,5568,1703
747461612269887489,4077,1112
747512671126323200,5852,1707
747594051852075008,3896,1132
747600769478692864,2446,591
747816857231626240,5117,1253
747844099428986880,2959,809
747885874273214464,3114,1062
747933425676525569,6987,2751
747963614829678593,6100,2312
748307329658011649,3870,770
748324050481647620,3902,826
748346686624440324,5517,1337
748568946752774144,2301,726
748575535303884801,6402,2151
748692773788876800,4477,1436
748699167502000129,4998,1724
748705597323898880,2922,1022
748932637671223296,6176,2439
748977405889503236,11318,3666
749036806121881602,3277,843
749064354620928000,5060,1629
749317047558017024,5797,2391
749395845976588288,9096,3741
749403093750648834,2778,589
749417653287129088,6440,1802
749774190421639168,4914,1418
749981277374128128,5404,2644
749996283729883136,3208,874
750011400160841729,3433,984
750026558547456000,2870,853
750041628174217216,3359,670
750056684286914561,3317,969
750071704093859840,8315,3609
750086836815486976,2300,591
750101899009982464,3215,910
750117059602808832,4580,1406
750132105863102464,3846,1374
750147208377409536,3278,1043
750383411068534784,4811,1227
750429297815552001,13939,4651
750506206503038976,4698,1244
750719632563142656,13973,5454
750868782890057730,5051,1500
751132876104687617,5378,1411
751205363882532864,6676,1977
751251247299190784,13228,6338
751456908746354688,3385,1078
751538714308972544,5331,1373
751583847268179968,4662,1205
751598357617971201,8360,3291
751830394383790080,6139,2121
751937170840121344,5523,1456
752173152931807232,6297,1998
752309394570878976,0,18049
752334515931054080,4038,1190
752519690950500352,7809,3724
752660715232722944,4669,1707
752682090207055872,6343,1740
752917284578922496,7303,1704
753026973505581056,4122,1055
753294487569522689,3601,1127
753375668877008896,8086,2523
753398408988139520,6129,2078
753420520834629632,8391,3861
753655901052166144,6190,2356
754120377874386944,8302,2535
754449512966619136,3968,797
754482103782404096,5627,2111
754747087846248448,2733,568
754856583969079297,7288,2738
754874841593970688,0,8680
755110668769038337,22513,11998
755206590534418437,17447,5829
755955933503782912,7781,3130
756275833623502848,6828,1650
756288534030475264,45365,18933
756303284449767430,4190,1176
756526248105566208,11028,3916
756651752796094464,5375,1424
756939218950160384,7060,2178
756998049151549440,6647,2153
757354760399941633,4784,1543
757393109802180609,6197,1893
757400162377592832,16073,7406
757596066325864448,4615,1145
757597904299253760,0,315
757611664640446465,4837,1213
757725642876129280,4816,1319
757729163776290825,0,8783
757741869644341248,7302,3530
758041019896193024,2872,406
758355060040593408,3649,1178
758405701903519748,5515,2091
758467244762497024,5100,2418
758474966123810816,4059,1077
758740312047005698,6074,1740
758828659922702336,11868,4157
758854675097526272,3769,968
759047813560868866,6916,2189
759099523532779520,15438,4526
759159934323924993,0,1262
759197388317847553,6432,2114
759447681597108224,9007,2658
759557299618865152,4996,1271
759566828574212096,0,22910
759793422261743616,6324,2062
759846353224826880,7137,2149
759923798737051648,15604,6155
760190180481531904,6058,1963
760252756032651264,4186,938
760290219849637889,28476,12466
760539183865880579,8047,3941
760641137271070720,5263,1404
760656994973933572,7021,2094
760893934457552897,4057,1056
761004547850530816,12024,3768
761227390836215808,5650,1691
761292947749015552,4746,1192
761334018830917632,5537,1574
761371037149827077,0,19496
761599872357261312,4387,1276
761672994376806400,52670,31526
761745352076779520,4523,935
761750502866649088,0,4277
761976711479193600,5744,2196
762035686371364864,34036,16945
762316489655476224,5122,1226
762464539388485633,10978,4569
762471784394268675,11998,7036
762699858130116608,12944,3935
763103485927849985,7825,2480
763183847194451968,5748,1602
763837565564780549,13413,4539
764259802650378240,6438,1651
764857477905154048,6836,1925
765222098633691136,12359,3681
765371061932261376,7551,2347
765395769549590528,28086,3690
765669560888528897,5531,1324
765719909049503744,7714,2340
766008592277377025,3982,537
766069199026450432,4548,937
766078092750233600,0,2829
766313316352462849,7213,2045
766423258543644672,6408,1736
766693177336135680,4298,862
766793450729734144,5403,1475
767122157629476866,10787,3106
767191397493538821,13073,4147
767500508068192258,7967,2539
767754930266464257,17076,5864
767884188863397888,5063,1528
768193404517830656,11617,3858
768473857036525572,14528,3727
768596291618299904,5345,1388
768609597686943744,4380,1321
768855141948723200,4462,968
768970937022709760,15346,7124
769212283578875904,5746,1868
769695466921623552,6807,1804
769940425801170949,33517,10520
770069151037685760,8077,2509
770093767776997377,0,3312
770293558247038976,6652,1625
770414278348247044,6707,2245
770655142660169732,7804,1895
770772759874076672,5537,1540
770787852854652928,5284,1329
771004394259247104,0,240
771014301343748096,7324,1803
771102124360998913,6642,1563
771136648247640064,9800,3196
771171053431250945,0,8247
771380798096281600,11216,5559
771500966810099713,8820,2863
771770456517009408,12788,3710
772102971039580160,4271,1009
772114945936949249,2890,516
772117678702071809,3999,801
772152991789019136,4029,1223
772193107915964416,6404,1508
772581559778025472,6900,1844
772615324260794368,0,3681
772826264096874500,8510,2539
772877495989305348,9147,4225
773191612633579521,10648,4487
773247561583001600,10054,3501
773308824254029826,24778,8158
773547596996571136,23540,6729
773670353721753600,5676,1416
773704687002451968,7044,1783
773922284943896577,6825,1890
773985732834758656,11458,4235
774314403806253056,23224,6099
774639387460112384,7175,1900
774757898236878852,9119,1933
775085132600442880,16589,5167
775364825476165632,7932,3250
775729183532220416,13801,4989
775733305207554048,14788,4384
775842724423557120,12514,2928
775898661951791106,0,17960
776088319444877312,1959,166
776113305656188928,12549,4760
776201521193218049,10246,2759
776218204058357768,32059,17463
776477788987613185,9451,3066
776813020089548800,5212,1324
776819012571455488,0,15049
777189768882946048,15306,4741
777621514455814149,9377,2729
777641927919427584,0,4651
777684233540206592,11997,3227
777885040357281792,6799,1798
778027034220126208,7003,1776
778039087836069888,9062,2888
778286810187399168,11111,3622
778383385161035776,6237,1208
778396591732486144,0,13412
778408200802557953,14597,4763
778624900596654080,4975,1111
778650543019483137,6177,1632
778748913645780993,7379,1461
778990705243029504,21422,7973
779056095788752897,15826,4956
779123168116150273,12625,3985
779377524342161408,9435,3407
779834332596887552,20330,7772
780192070812196864,9312,2452
780459368902959104,5655,1175
780476555013349377,0,128
780496263422808064,0,4072
780543529827336192,6750,1903
780601303617732608,12925,3650
780800785462489090,5900,1424
780858289093574656,7699,2189
780931614150983680,23161,8050
781163403222056960,10448,2997
781251288990355457,9031,2303
781524693396357120,22226,6083
781661882474196992,11179,2973
781955203444699136,11891,3688
782021823840026624,0,6852
782305867769217024,17851,6121
782598640137187329,8319,2056
782722598790725632,18494,5924
782747134529531904,7997,1532
782969140009107456,25821,8080
783085703974514689,8715,2441
783334639985389568,31325,12872
783347506784731136,0,6150
783391753726550016,18061,6053
783466772167098368,9049,2476
783695101801398276,11193,3541
783821107061198850,7883,2153
783839966405230592,32207,11875
784431430411685888,6102,1408
784517518371221505,9617,2784
784826020293709826,10871,3550
785170936622350336,12983,5343
785264754247995392,7787,1798
785533386513321988,9764,2205
785639753186217984,8378,2437
785872687017132033,7170,2008
785927819176054784,12184,3475
786036967502913536,0,7772
786233965241827333,16423,5255
786363235746385920,11699,3859
786595970293370880,10099,3404
786664955043049472,11442,2822
786709082849828864,19508,6698
786963064373534720,28544,8792
787322443945877504,8366,1918
787397959788929025,11645,3120
787717603741622272,10973,3065
787810552592695296,9315,3359
788039637453406209,6594,1456
788070120937619456,0,3768
788150585577050112,6611,1434
788178268662984705,7771,2333
788412144018661376,16751,5844
788765914992902144,29460,11348
788908386943430656,29433,13636
789137962068021249,10427,3078
789268448748703744,9789,2836
789530877013393408,12645,3715
789599242079838210,7267,2134
789628658055020548,8080,1966
789986466051088384,9939,2555
790277117346975746,13470,3511
790337589677002753,8407,2059
790581949425475584,22212,7916
790698755171364864,8800,2102
790723298204217344,0,2555
790946055508652032,17852,5178
790987426131050500,10633,2359
791026214425268224,0,4539
791312159183634433,9444,2806
791406955684368384,14099,4546
791672322847637504,12630,3439
792050063153438720,7720,1982
792394556390137856,14468,4728
792773781206999040,7892,1855
792883833364439040,12165,4714
792913359805018113,15414,4431
793120401413079041,13648,4315
793135492858580992,6955,2757
793150605191548928,6629,1882
793165685325201412,10115,3070
793180763617361921,7439,2193
793195938047070209,16419,6200
793210959003287553,9612,3107
793226087023144960,10585,3155
793241302385262592,11303,3613
793256262322548741,21493,9192
793271401113350145,9296,2611
793286476301799424,26466,10160
793500921481273345,11498,2624
793601777308463104,8566,1806
793614319594401792,0,3439
793845145112371200,9888,2067
793962221541933056,18094,5398
794205286408003585,9878,3650
794332329137291264,10289,2921
794355576146903043,0,11348
794926597468000259,11054,2551
794983741416415232,0,3715
795076730285391872,17447,5990
795400264262053889,10862,3164
795464331001561088,53556,26286
796031486298386433,11607,4064
796080075804475393,9091,2565
796116448414461957,9775,2672
796149749086875649,34787,15797
796177847564038144,0,15797
796387464403357696,11830,4596
796484825502875648,8150,1946
796759840936919040,12767,3370
796865951799083009,8251,2100
797236660651966464,21477,7316
797545162159308800,15585,5360
797971864723324932,12516,3461
798209839306514432,11152,2828
798340744599797760,0,3710
798628517273620480,0,2166
798644042770751489,0,2039
798665375516884993,0,4287
798673117451325440,0,6116
798694562394996736,0,5471
798697898615730177,0,7184
798925684722855936,7994,1586
798933969379225600,14147,4944
799063482566066176,8700,2722
799297110730567681,10653,3060
799422933579902976,8646,2112
799757965289017345,9033,2389
799774291445383169,0,5167
800018252395122689,30507,14523
800141422401830912,16437,2828
800388270626521089,11975,3096
800443802682937345,0,4760
800459316964663297,10163,2387
800513324630806528,14118,3316
800751577355128832,11276,3059
801115127852503040,8684,2306
801167903437357056,26329,6556
801285448605831168,6508,919
801538201127157760,8812,2269
801958328846974976,8284,1884
802239329049477120,9750,2870
802265048156610565,7086,1503
802323869084381190,17456,6435
802572683846291456,9596,2755
802624713319034886,0,3227
802952499103731712,9695,2215
803276597545603072,10761,2723
803380650405482500,8316,2047
803638050916102144,11790,4558
803692223237865472,0,8187
803773340896923648,10780,3052
804026241225523202,47906,17868
804413760345620481,0,3550
804738756058218496,14739,4242
805207613751304193,8373,1879
805487436403003392,9409,2793
805520635690676224,6149,1816
805826884734976000,7068,2016
805932879469572096,8877,2107
805958939288408065,0,5924
806219024703037440,6891,1317
806242860592926720,0,12872
806542213899489280,10960,2609
806629075125202948,80605,38379
807010152071229440,13988,4213
807059379405148160,0,8080
807106840509214720,127397,61170
807621403335917568,15629,4055
808001312164028416,13487,3894
808106460588765185,9349,2415
808134635716833280,0,6556
808501579447930884,12100,2866
808733504066486276,8483,2390
808838249661788160,10835,3348
809084759137812480,14176,3856
809220051211603969,21375,6186
809448704142938112,7426,1616
809808892968534016,0,5398
809920764300447744,16607,4299
810254108431155201,15745,3693
810284430598270976,37987,12555
810657578271330305,11750,2912
810896069567610880,9697,1968
810984652412424192,5715,1578
811386762094317568,22393,7034
811627233043480576,13701,3442
811744202451197953,8086,1772
811985624773361665,7782,1546
812372279581671427,14682,4029
812466873996607488,8562,2118
812503143955202048,6507,1347
812709060537683968,7101,1572
812781120811126785,8112,2100
813051746834595840,22453,8061
813066809284972545,8522,2142
813081950185472002,10563,3045
813096984823349248,11266,3965
813112105746448384,11054,3028
813127251579564032,12690,3440
813142292504645637,9014,2594
813157409116065792,8301,2440
813172488309972993,9985,2102
813187593374461952,21231,4801
813202720496779264,9827,1974
813217897535406080,19996,8019
813800681631023104,8929,1929
813812741911748608,38896,15386
813910438903693312,9942,2067
813944609378369540,0,3511
814153002265309185,30789,9548
814530161257443328,9273,2035
814638523311648768,12057,2972
814986499976527872,8166,1422
815390420867969024,11076,4180
815639385530101762,8785,1807
815736392542261248,10524,2498
815966073409433600,23994,9327
815990720817401858,5338,1142
816014286006976512,0,5833
816091915477250048,9536,2365
816336735214911488,9185,2146
816450570814898180,32677,8899
816697700272001025,10476,2427
816816676327063552,10686,2233
816829038950027264,0,5178
817056546584727552,9157,1816
817120970343411712,13002,2877
817171292965273600,9317,2204
817181837579653120,0,9327
817415592588222464,5992,1056
817423860136083457,36546,16406
817536400337801217,12607,3326
817777686764523521,11422,2930
817827839487737858,55386,29757
818145370475810820,13113,2843
818259473185828864,11776,2509
818536468981415936,11646,2715
818588835076603904,0,6729
818614493328580609,10532,2831
818627210458333184,23675,8152
819004803107983360,92180,40173
819006400881917954,48163,20714
819015331746349057,0,20714
819015337530290176,0,40173
819227688460238848,24624,7330
819347104292290561,7702,1323
819588359383371776,10198,2153
819711362133872643,14361,3434
819924195358416896,13716,5296
819952236453363712,5669,1298
820078625395449857,21137,6880
820314633777061888,3551,620
820446719150292993,0,2828
820690176645140481,13004,3531
820749716845686786,33615,10842
821044531881721856,13500,2505
821107785811234820,10215,2327
821149554670182400,9287,2199
821407182352777218,12546,4755
821522889702862852,8538,1934
821765923262631936,8969,1819
821813639212650496,0,3650
821886076407029760,12092,2558
822244816520155136,37270,10752
822462944365645825,30322,16013
822489057087389700,19324,7004
822610361945911296,15711,3239
822647212903690241,0,7004
822859134160621569,14063,2493
822872901745569793,140815,47877
822975315408461824,18386,3754
823269594223824897,0,10752
823322678127919110,16735,4384
823581115634085888,13856,2883
823699002998870016,13372,2640
823939628516474880,11314,2958
824297048279236611,15995,4216
824325613288833024,12514,11314
824663926340194305,10698,1892
824775126675836928,15909,3839
824796380199809024,0,5990
825026590719483904,6741,1396
825147591692263424,19429,4986
825535076884762624,55285,18723
825829644528148480,13521,2710
825876512159186944,11106,2034
826115272272650244,16627,3416
826204788643753985,5179,1015
826240494070030336,14085,2814
826476773533745153,19542,4562
826598365270007810,10694,2555
826848821049180160,38672,11120
826958653328592898,22877,5439
827199976799354881,11207,2439
827324948884643840,16814,3333
827600520311402496,7847,1030
827653905312006145,16340,3267
827933404142436356,21342,5679
828011680017821696,10984,2336
828046555563323392,12455,3108
828372645993398273,13271,3197
828376505180889089,7819,1154
828381636999917570,13377,2416
828408677031882754,8100,1394
828409743546925057,6662,1248
828650029636317184,10058,1463
828708714936930305,38767,12199
828770345708580865,27072,6368
829011960981237760,56103,17612
829141528400556032,25935,8049
829374341691346946,36623,10119
829449946868879360,11073,2204
829501995190984704,33580,11523
829861396166877184,12928,2123
829878982036299777,0,5439
830097400375152640,10384,3259
830583320585068544,70750,18247
830956169170665475,8427,1621
831262627380748289,12586,2224
831309418084069378,12395,2641
831315979191906304,6899,1210
831322785565769729,9716,1652
831552930092285952,9514,2485
831650051525054464,7583,2104
831670449226514432,11033,1963
831911600680497154,29221,7057
831939777352105988,25348,6641
832032802820481025,18830,5026
832040443403784192,0,10520
832215726631055365,0,10160
832273440279240704,11939,2524
832369877331693569,18111,3449
832397543355072512,12603,2404
832636094638288896,16747,3030
832757312314028032,17751,3921
832769181346996225,0,40
832998151111966721,14029,2395
833124694597443584,21286,5237
833479644947025920,15674,2232
833722901757046785,21826,3469
833826103416520705,18948,4039
833863086058651648,14133,2599
834086379323871233,13773,2398
834167344700198914,16609,3927
834209720923721728,21722,5168
834458053273591808,10140,1810
834574053763584002,14426,2739
834786237630337024,22289,5909
834931633769889797,11416,1783
835152434251116546,23649,3253
835172783151792128,27527,6190
835264098648616962,8160,1838
835297930240217089,17285,3229
835574547218894849,18730,3906
836001077879255040,20115,4626
836260088725786625,22376,4624
836380477523124226,15483,3186
836677758902222849,13261,2392
836753516572119041,20220,4971
836989968035819520,13385,2472
837110210464448512,16842,2575
837366284874571778,22213,5697
837471256429613056,13448,2466
837482249356513284,4030,476
837820167694528512,35928,8452
838083903487373313,18529,3390
838476387338051585,23731,5173
838561493054533637,11460,1423
838916489579200512,0,36
838921590096166913,11724,2231
839239871831150596,28563,7020
839290600511926273,0,154
839549326359670784,28877,8346
839990271299457024,14081,2464
840268004936019968,20209,6146
840370681858686976,17254,4881
840632337062862849,9397,1877
840696689258311684,12878,1048
841077006473256960,23962,5680
841314665196081154,16571,5022
841439858740625411,13219,3926
841680585030541313,26820,8292
841833993020538882,0,16406
842115215311396866,14648,3239
842163532590374912,25606,6200
842535590457499648,18917,3743
842765311967449089,7051,1360
842846295480000512,15904,3840
843235543001513987,22457,6457
843604394117681152,17636,2943
843856843873095681,22339,4936
844223788422217728,14226,2342
844580511645339650,17194,3350
844704788403113984,40407,11019
844973813909606400,15763,3421
844979544864018432,14216,2752
845306882940190720,24303,5738
845397057150107648,7954,1926
845677943972139009,26158,5087
845812042753855489,30523,9305
846042936437604353,16645,3076
846153765933735936,32997,9635
846514051647705089,46455,12321
846874817362120707,20890,4170
847116187444137987,22268,3395
847157206088847362,20742,6211
847251039262605312,21255,4557
847606175596138505,19499,3598
847842811428974592,5691,1423
847962785489326080,24404,5403
847971574464610304,0,454
848212111729840128,16932,3252
848324959059550208,25675,4862
848690551926992896,26116,4566
849051919805034497,44003,8999
849336543269576704,11827,1993
849412302885593088,16432,3318
849776966551130114,31509,8019
850019790995546112,21149,5164
850145622816686080,16867,4033
850380195714523136,13489,2754
850753642995093505,32032,9772
851224888060895234,21343,6010
851464819735769094,25035,7432
851591660324737024,16698,3645
851861385021730816,0,23
851953902622658560,0,10119
852189679701164033,11802,1665
852226086759018497,20582,7129
852311364735569921,34061,10360
852553447878664193,16828,3685
852672615818899456,15335,2258
852912242202992640,9302,1920
853299958564483072,15930,3731
853639147608842240,35735,10582
853760880890318849,29287,6050
854010172552949760,16587,3289
854120357044912130,32709,7801
854365224396361728,19324,4877
854482394044301312,29952,7137
854732716440526848,23330,6346
855459453768019968,30526,8506
855851453814013952,46239,18305
856282028240666624,28194,6523
856526610513747968,12024,1940
856543823941562368,16516,2969
857029823797047296,19223,4121
857263160327368704,20288,4652
857393404942143489,5993,1690
857746408056729600,34741,10928
857989990357356544,16338,2648
858107933456039936,15920,2990
858471635011153920,21764,4967
858843525470990336,15717,3559
859074603037188101,34270,13927
859196978902773760,90858,30912
859607811541651456,18784,1608
859851578198683649,15556,3586
859924526012018688,19738,4185
860184849394610176,16849,5958
860276583193509888,18467,3547
860524505164394496,23837,5381
860563773140209665,7574,2197
860924035999428608,0,838
861005113778896900,16836,3870
861288531465048066,17317,4229
861383897657036800,36336,10891
862096992088072192,74989,23689
862457590147678208,20678,5039
862722525377298433,17163,3582
862831371563274240,19271,5169
863062471531167744,8575,2487
863079547188785154,8811,1118
863432100342583297,23935,5338
863553081350529029,15370,4232
863907417377173506,20702,4199
864197398364647424,30266,9053
864279568663928832,14676,3073
864873206498414592,32376,8799
865006731092295680,28071,7768
865359393868664832,26527,5055
865718153858494464,25669,5672
866334964761202691,52613,14582
866450705531457537,122275,35561
866686824827068416,19331,3514
867051520902168576,32212,7921
867072653475098625,0,121
867421006826221569,16089,2522
867774946302451713,33938,7373
867900495410671616,24125,4200
868552278524837888,10100,2104
868622495443632128,26729,5396
868880397819494401,65364,14522
869227993411051520,20337,3793
869596645499047938,15896,3137
869702957897576449,28084,6354
869772420881756160,42176,10035
870063196459192321,36426,8345
870308999962521604,21691,4150
870374049280663552,82135,26184
870656317836468226,12318,2640
870804317367881728,33333,6187
871032628920680449,22480,3806
871515927908634625,20023,3438
871762521631449091,20076,3459
871879754684805121,37601,11116
872122724285648897,34078,8080
872261713294495745,33838,6280
872486979161796608,40242,8959
872620804844003328,20567,3670
872820683541237760,14549,3668
872967104147763200,27048,5366
873213775632977920,7146,1573
873580283840344065,23906,3910
874012996292530176,34156,10318
874057562936811520,22361,3919
874296783580663808,25720,4069
874680097055178752,27465,4597
875021211251597312,25129,4667
875144289856114688,21626,4871
875747767867523072,24850,4240
876120275196170240,27529,4636
876484053909872640,18504,2366
876838120628539392,20400,3300
877201837425926144,26742,5515
877316821321428993,26990,5104
877556246731214848,22400,3758
877611172832227328,0,80
877736472329191424,78574,18823
878057613040115712,41426,6724
878281511006478336,7633,1270
878776093423087618,19128,4072
879008229531029506,18699,2657
879050749262655488,22225,4651
879376492567855104,16530,3071
879415818425184262,104288,43530
879492040517615616,23075,3139
879862464715927552,21988,3445
880095782870896641,27216,4289
880221127280381952,26650,4151
880465832366813184,28096,6172
880872448815771648,20951,3753
880935762899988482,16757,2740
881268444196462592,22740,5089
881536004380872706,48683,15692
881666595344535552,49831,10498
881906580714921986,23950,3339
882045870035918850,28925,4890
882268110199369728,44279,11410
882627270321602560,27488,5988
882762694511734784,27874,4839
882992080364220416,23595,3859
883117836046086144,36615,6560
883360690899218434,22333,3640
883482846933004288,45202,9783
883838122936631299,21568,3388
884162670584377345,20046,2940
884441805382717440,26573,5560
884562892145688576,23932,4646
884876753390489601,27498,5550
884925521741709313,76229,17973
885167619883638784,21586,4303
885311592912609280,0,18247
885528943205470208,35427,6322
885984800019947520,32150,6676
886258384151887873,27555,6176
886366144734445568,20863,3143
886680336477933568,22092,4386
886736880519319552,11862,3223
886983233522544640,34601,7633
887101392804085760,30098,5862
887343217045368832,33161,10224
887473957103951883,68001,17853
887517139158093824,45566,11467
887705289381826560,29702,5291
888078434458587136,21415,3435
888554962724278272,19526,3489
888804989199671297,25156,4219
888917238123831296,28648,4413
889278841981685760,24852,5278
889531135344209921,14871,2206
889638837579907072,26736,4466
889665388333682689,47363,9873
889880896479866881,27358,4888
890006608113172480,30192,7205
890240255349198849,31409,7252
890609185150312448,27365,4197
890729181411237888,64385,18530
890971913173991426,11644,2028
891087950875897856,19922,3055
891327558926688256,39669,9185
891689557279858688,41497,8486
891815181378084864,24640,4082
892177421306343426,32729,6171
892420643555336193,38159,8349
